3893
1718
7523
6813
7724
3187
5500
8432
9388
3673
5745
4549
1564
898
4463
301
2195
2651
366
9431
7904
9764
5137
3497
1721
4827
1615
280
3849
6994
8054
1825
2300
2573
1349
4017
4841
3509
8543
6295
928
7671
8570
657
4721
5041
4073
9726
9730
4415
5284
832
3917
842
731
3490
837
4943
2616
1053
6667
7603
873
421
3931
3129
3213
7513
9360
2424
9252
5491
7670
8862
3042
2905
6774
2984
8833
4978
8237
2155
9961
5750
1887
8041
9250
1202
2302
6696
2932
2035
7686
956
2542
4944
6001
4381
557
4005
8027
2578
7049
2222
3819
5650
3455
3056
1612
2894
1247
4361
4400
1018
3216
7998
8619
2485
5425
1768
592
5557
7980
4548
4707
8176
2180
7398
2840
2085
7562
2186
5192
4468
1934
3982
1756
2185
2586
7525
8832
2671
1013
5795
7748
5615
2544
8905
8371
7806
9888
6793
8696
1371
6451
5977
7597
5518
9829
4459
5360
2217
1916
9839
8135
7243
9688
6595
3947
4389
5847
8370
8246
9633
8003
818
3021
3445
3174
564
3021
4021
6905
8673
2312
5533
5992
9270
2961
6113
7963
2448
8409
5338
5343
5480
3062
739
2538
7824
211
5465
1668
5568
5336
8810
8300
1360
6710
2087
6149
5600
8227
9687
5183
4051
6611
4547
7221
9510
4683
1801
300
1681
6007
1415
1395
5240
2952
1870
4950
1425
3455
9254
9564
2869
6517
6150
9768
9023
6112
3804
7489
6862
2548
3970
9124
8202
4146
3558
999
7053
1573
9154
8204
9304
4650
1545
540
1359
6597
5426
6278
9811
4907
3400
2666
220
4857
7245
9234
3111
8430
3764
2292
7362
2013
301
8359
8061
9545
4775
4430
4243
3559
7902
7161
7166
8993
8482
7249
5875
6503
2894
9350
5657
9491
4519
5127
1435
8934
5773
2963
668
823
5281
2623
1115
9059
7735
7101
6510
5940
2136
3301
4427
4765
7450
3763
374
7244
6018
802
4943
5022
9788
5582
4619
277
4682
1563
9818
321
2015
2785
700
8783
3357
4700
4139
3732
735
3259
4421
1983
7234
4799
1509
3245
1691
3254
8982
7314
8906
7058
3603
813
9390
9877
5901
2097
537
8422
8155
2516
5398
3227
6128
9443
9253
7259
7224
4570
4996
371
823
8976
879
8727
5370
583
496
811
8768
9345
1893
6036
7354
6337
644
9239
2310
8508
3473
7895
6685
9052
847
5322
8601
4649
6837
2496
5024
9288
6513
4731
5646
9970
1393
4575
9404
1968
9813
4070
3575
9012
5115
1806
2607
5819
7661
8261
9802
6960
890
6003
3852
4218
4926
8296
4529
972
9296
1941
2183
3709
8541
4906
5495
2430
860
1521
8079
6870
4220
373
6681
8762
6781
4863
1714
8240
236
4998
9040
1454
8157
5701
3937
5655
3031
7315
5319
1535
3424
668
7954
6521
2661
4887
7284
3884
3400
3880
9537
8784
4835
6253
1221
1778
6794
9158
8118
5482
6501
9577
1590
4059
5271
1857
7525
7606
6953
6916
9872
856
5932
6827
3198
6960
9607
4480
1227
7982
5719
5565
8712
1048
1961
6327
5693
1448
4757
1202
3375
4838
346
9728
7603
9810
6241
9226
6721
6866
7077
7869
9444
9258
5223
2099
2903
7830
8342
1683
998
3828
613
9609
6304
6120
3096
7924
4890
4750
3567
1341
3169
3836
945
2392
4831
6063
2413
8393
9794
7354
4561
628
3989
6725
4846
2385
7560
8875
8749
9715
5998
9287
2438
5091
284
8303
3844
6894
9237
4395
2170
8974
9894
4375
6678
4288
8395
273
252
8440
7889
8760
7680
6362
5065
3441
3541
8534
3305
6939
7877
3895
2081
3845
9261
9200
8834
8878
8444
9643
2177
8377
302
4472
2716
6244
3748
9001
5252
6857
6310
8033
5479
3213
9974
8111
3700
7085
4487
7215
9001
2880
380
3392
3493
3152
5612
3785
8565
406
5789
7091
1002
8579
5005
6173
1586
3876
6098
5698
425
558
8925
5000
3601
5253
2745
2757
862
4043
4640
391
9956
3977
2303
6993
5660
1663
2547
4184
237
8848
1406
7887
8266
4246
921
6449
8855
1769
7052
4535
9158
1839
954
7730
7649
8925
3645
7787
6650
590
3912
301
767
5888
5883
1656
6964
4086
281
1167
314
8990
9688
1523
5024
4031
9916
9198
2374
3123
1564
6645
451
8645
6557
9219
2265
3004
655
4108
8770
9491
221
2821
9403
4107
8848
9169
5445
1048
7939
2042
8059
4108
5959
9952
9630
6201
5631
8524
4007
7783
8573
9097
6278
5907
5933
5044
394
4357
3802
6026
8455
4396
2045
6842
8318
1956
1099
4771
568
9867
7515
1781
9419
3162
815
338
5821
218
3477
9793
5158
1355
798
1202
3914
9158
9901
2962
2951
1291
6760
4060
8185
6788
7719
4069
2463
1085
6594
1149
8639
3393
7803
4171
8387
7640
4545
333
851
8935
4983
6586
9787
7528
8405
843
7025
9534
598
1692
8623
8331
1762
5003
1639
2510
964
8687
9342
8687
5705
8291
8711
9949
9825
7789
540
5718
2599
1969
8489
7338
5538
7091
9090
3975
2742
5182
2661
6542
2032
5833
5291
4675
5092
3126
5245
1436
9560
903
1633
1973
4616
8575
3834
4845
768
8061
9201
6843
7975
9956
880
4436
540
262
3659
7439
9329
4975
3024
2918
8698
2564
1157
4360
8021
4908
8805
9498
8635
5736
7112
4462
4506
6504
7221
7151
2597
2876
2496
6231
8678
3435
8057
3242
9719
9678
2840
7366
5583
6829
4517
683
8079
3315
4120
391
1315
7788
5010
9840
8831
461
6117
3583
5419
4793
5300
6717
2206
2486
9835
5930
2815
3125
2272
6010
5420
9036
8294
7753
7097
1455
2880
211
1341
5980
5299
3399
250
9405
1197
9111
5198
308
2257
4075
8775
354
8428
2081
6653
5796
1601
9746
9989
3806
5516
515
1425
9924
7196
2396
2724
3712
5274
712
9263
7280
8752
1666
5946
9218
6962
3499
6375
2241
7161
7614
9950
9426
4190
7762
434
3270
6222
1226
6598
8698
5614
965
4726
5239
3469
6837
7479
6666
7122